0
3072 3072 3072
3072 3072 3072
3072 3072 3072
3072 3072 3072
3072 3072 3072
3072 3072 3072
3072 3072 3072
3072 3072 3072
3072 3136 3072
3072 3136 3072
3072 3072 3072
3072 3072 3072
3072 3072 3072
3072 3072 3072
3072 3072 3072
19392 19392 19392
3072 3072 3072
3072 3072 3072
3072 3072 3072
3072 3072 3072
3072 3072 3072
3072 3072 3072
3072 3072 3072
3072 3136 3072
3072 3136 3072
3072 3072 3072
3072 3072 3072
3072 3072 3072
3072 3072 3072
19392 19392 19392
3072 3072 3072
19392 19392 19392
3072 3072 3072
3072 3072 3072
3136 3136 3136
3072 3072 3072
3072 3072 3072
3072 3072 3072
3072 3072 3072
3136 3136 3136
3072 3072 3072
3072 3072 3072
3072 3072 3072
19392 19392 19392
3136 3072 3072
3072 3072 3072
3072 3072 3072
19392 19392 19392
3072 3072 3072
3072 3072 3072
3072 3072 3072
3072 3072 3072
3072 3072 3072
3072 3072 3072
3072 3072 3072
3072 3072 3072
3072 3072 3072
19392 19392 19392
3072 3072 3072
3136 3072 3072
3072 3072 3072
3072 3072 3072
3136 3136 3136
19392 19392 19392
3200 3072 3136
3136 3072 3072
3072 3072 3072
3072 3072 3072
3072 3072 3072
3072 3072 3072
3072 3072 3072
19392 19392 19392
3072 3072 3072
3072 3072 3072
3136 3136 3072
3072 3072 3072
3072 3072 3072
3072 3072 3072
3072 3136 3072
18944 19392 19392
18944 19392 19392
19200 19392 19392
19328 19392 19392
19200 19392 19392
19136 19392 19392
18944 19392 19392
3072 3264 3072
3072 3136 3072
3072 3072 3072
3072 3072 3072
3072 3072 3072
3072 3072 3072
3136 3136 3136
18880 19392 19392
8896 11328 10368
17792 19392 19264
18880 19392 19392
19200 19392 19392
18880 19392 19264
18496 19392 19264
9216 11136 10368
18304 19392 19264
3072 3264 3072
3072 3072 3072
3072 3136 3072
3072 3072 3072
3072 3072 3072
3072 3072 3072
18560 19392 19264
8192 11712 10240
8064 11776 10240
18240 19392 19264
18688 19392 19264
18240 19392 19264
8960 11264 10368
8704 11456 10368
17984 19392 19264
3072 3328 3072
3072 3072 3072
3072 3136 3072
3072 3072 3072
3072 3072 3072
3072 3072 3072
18496 19392 19264
7808 11904 10240
7424 12096 10240
17408 19392 19264
17664 19392 19264
17216 19392 19264
8256 11712 10240
8512 11520 10368
17984 19392 19264
3072 3328 3072
3072 3072 3072
3072 3072 3072
3072 3072 3072
3072 3072 3072
3072 3072 3072
18496 19392 19264
7808 11904 10240
7168 12224 10240
7808 11904 10240
7808 11776 10176
7552 12032 10240
7744 11968 10240
8448 11584 10368
18112 19392 19264
3072 3328 3072
3072 3072 3072
3072 3072 3072
3072 3072 3072
3072 3072 3072
3136 3136 3136
18560 19392 19264
8192 11712 10240
7360 12160 10240
7168 12224 10240
7104 12288 10176
6912 12416 10176
7424 12096 10240
8704 11456 10368
18496 19392 19264
3072 3200 3072
3072 3072 3072
3072 3072 3072
3072 3072 3072
3072 3072 3072
3072 3072 3072
3072 3328 3072
17792 19392 19264
8192 11712 10240
7808 11904 10240
7616 12032 10240
7616 12032 10240
8192 11712 10240
18112 19392 19264
3072 3392 3072
3072 3136 3072
3072 3072 3072
3072 3072 3072
3072 3072 3072
3072 3072 3072
3072 3072 3072
3072 3136 3072
3072 3328 3072
18560 19392 19264
18496 19392 19264
18432 19392 19264
18432 19392 19264
18560 19392 19264
3072 3328 3072
3072 3136 3072
3072 3136 3072
3072 3072 3072
3072 3072 3072
3072 3072 3072
3072 3072 3072
3072 3072 3072
3072 3072 3072
3072 3072 3072
3072 3072 3072
3072 3072 3072
3072 3072 3072
3072 3072 3072
3072 3072 3072
3072 3072 3072
3072 3072 3072
3072 3072 3072
3072 3072 3072
3072 3072 3072
3072 3136 3072
3072 3136 3072
3072 3072 3072
3072 3072 3072
3072 3072 3072
3072 3072 3072
3072 3072 3072
3072 3072 3072
3072 3072 3072
3072 3072 3072
3072 3072 3072
3072 3072 3072
3072 3072 3072
3072 3072 3072
3136 3136 3136
