10
82 80 100
117 88 108
143 253 276
265 135 147
220 98 98
143 253 276
48 48 48
147 203 303
48 48 48
147 203 303
265 135 147
48 48 48
48 48 48
48 48 48
82 80 100
48 48 48
48 48 48
48 48 48
48 48 48
82 80 100
82 80 100
180 174 183
82 80 100
117 88 108
265 135 147
82 80 100
48 48 48
48 48 48
147 203 303
48 48 48
117 88 108
117 88 108
82 80 100
147 203 303
147 203 303
48 48 48
48 48 48
48 48 48
82 80 100
220 98 98
48 48 48
48 48 48
82 80 100
82 80 100
48 48 48
82 80 100
147 203 303
48 48 48
48 48 48
117 88 108
48 48 48
220 98 98
48 48 48
117 88 108
220 98 98
143 253 276
143 253 276
48 48 48
48 48 48
48 48 48
48 48 48
147 203 303
48 48 48
147 203 303
48 48 48
117 88 108
48 48 48
147 203 303
220 98 98
117 88 108
48 48 48
82 80 100
220 98 98
220 98 98
82 80 100
48 48 48
48 48 48
220 98 98
265 135 147
139 158 273
139 158 273
48 48 48
117 88 108
117 88 108
143 253 276
220 98 98
48 48 48
82 80 100
48 48 48
82 80 100
220 98 98
48 48 48
48 48 48
82 80 100
48 48 48
117 88 108
265 135 147
143 253 276
117 88 108
48 48 48
82 80 100
48 48 48
82 80 100
82 80 100
117 88 108
180 174 183
82 80 100
117 88 108
139 158 273
48 48 48
220 98 98
82 80 100
139 158 273
117 88 108
265 135 147
117 88 108
82 80 100
48 48 48
265 135 147
143 253 276
48 48 48
48 48 48
48 48 48
265 135 147
117 88 108
82 80 100
220 98 98
117 88 108
143 253 276
48 48 48
48 48 48
117 88 108
82 80 100
143 253 276
48 48 48
82 80 100
48 48 48
48 48 48
48 48 48
48 48 48
48 48 48
117 88 108
48 48 48
117 88 108
265 135 147
143 253 276
117 88 108
48 48 48
48 48 48
265 135 147
82 80 100
48 48 48
147 203 303
117 88 108
82 80 100
117 88 108
220 98 98
117 88 108
48 48 48
143 253 276
143 253 276
265 135 147
48 48 48
48 48 48
143 253 276
48 48 48
48 48 48
82 80 100
48 48 48
48 48 48
82 80 100
265 135 147
117 88 108
82 80 100
48 48 48
117 88 108
48 48 48
117 88 108
48 48 48
139 158 273
48 48 48
265 135 147
48 48 48
117 88 108
82 80 100
48 48 48
265 135 147
48 48 48
48 48 48
143 253 276
180 174 183
48 48 48
265 135 147
48 48 48
117 88 108
48 48 48
220 98 98
48 48 48
48 48 48
220 98 98
265 135 147
48 48 48
48 48 48
265 135 147
48 48 48
117 88 108
48 48 48
48 48 48
48 48 48
48 48 48
147 203 303
220 98 98
48 48 48
48 48 48
48 48 48
143 253 276
265 135 147
48 48 48
265 135 147
82 80 100
48 48 48
48 48 48
48 48 48
48 48 48
82 80 100
