0
47 47 47
47 47 47
47 47 47
47 47 47
47 47 47
47 47 47
47 47 47
47 47 47
47 47 47
47 47 47
47 47 47
147 203 47
147 203 47
147 203 47
147 203 47
147 203 47
147 203 47
147 203 47
147 203 47
147 203 47
47 47 47
47 47 47
47 47 47
47 47 47
47 47 47
47 47 47
47 47 47
47 47 47
147 203 47
147 203 47
147 203 47
147 203 47
147 203 47
147 203 47
147 203 47
147 203 47
147 203 47
147 203 47
147 203 47
147 203 47
47 47 47
47 47 47
47 47 47
47 47 47
47 47 47
147 203 47
147 203 47
147 203 47
147 203 47
147 203 47
147 203 47
147 203 47
147 203 47
147 203 47
147 203 47
147 203 47
147 203 47
147 203 47
147 203 47
147 203 47
47 47 47
47 47 47
47 47 47
47 47 47
147 203 47
147 203 47
147 203 47
147 203 47
147 203 47
147 203 47
147 203 47
48 48 48
48 48 48
48 48 48
147 203 47
147 203 47
147 203 47
147 203 47
147 203 47
147 203 47
47 47 47
47 47 47
147 203 47
147 203 47
147 203 47
147 203 47
147 203 47
147 203 47
147 203 47
147 203 47
48 48 48
48 48 48
48 48 48
147 203 47
147 203 47
147 203 47
147 203 47
147 203 47
147 203 47
47 47 47
147 203 47
147 203 47
147 203 47
147 203 47
147 203 47
147 203 47
147 203 47
48 48 48
48 48 48
48 48 48
48 48 48
48 48 48
48 48 48
147 203 47
147 203 47
147 203 47
147 203 47
147 203 47
