0
125 127 75
90 119 67
160 210 59
38 168 188
243 77 77
160 210 59
31 31 31
188 228 0
31 31 31
188 228 0
38 168 188
163 251 31
163 251 31
163 251 31
193 155 75
163 251 31
163 251 31
163 251 31
163 251 31
193 155 75
125 127 75
155 129 152
125 127 75
90 119 67
38 168 188
125 127 75
31 31 31
31 31 31
0 0 0
163 251 31
230 147 67
230 147 67
193 155 75
0 0 0
0 0 0
163 251 31
163 251 31
163 251 31
193 155 75
79 169 77
31 31 31
31 31 31
125 127 75
125 127 75
31 31 31
193 155 75
0 0 0
163 251 31
163 251 31
230 147 67
163 251 31
79 169 77
163 251 31
230 147 67
79 169 77
28 54 59
28 54 59
163 251 31
163 251 31
163 251 31
31 31 31
188 228 0
31 31 31
188 228 0
163 251 31
230 147 67
163 251 31
0 0 0
79 169 77
230 147 67
163 251 31
98 96 84
236 82 82
236 82 82
193 155 75
163 251 31
163 251 31
79 169 77
154 76 188
24 85 62
164 177 62
31 31 31
230 147 67
230 147 67
28 54 59
79 169 77
163 251 31
193 155 75
163 251 31
193 155 75
236 82 82
0 0 0
0 0 0
193 155 75
163 251 31
230 147 67
154 76 188
28 54 59
230 147 67
31 31 31
193 155 75
163 251 31
193 155 75
193 155 75
230 147 67
39 101 152
193 155 75
69 104 92
187 174 33
0 0 0
236 82 82
98 96 84
187 174 33
230 147 67
154 76 188
230 147 67
193 155 75
163 251 31
154 76 188
160 210 59
163 251 31
163 251 31
163 251 31
154 76 188
230 147 67
193 155 75
236 82 82
69 104 92
191 205 36
0 0 0
0 0 0
69 104 92
98 96 84
191 205 36
163 251 31
193 155 75
163 251 31
163 251 31
31 31 31
31 31 31
163 251 31
230 147 67
163 251 31
230 147 67
57 183 163
191 205 36
69 104 92
0 0 0
0 0 0
57 183 163
98 96 84
0 0 0
163 251 31
69 104 92
98 96 84
69 104 92
79 169 77
230 147 67
31 31 31
160 210 59
28 54 59
154 76 188
163 251 31
163 251 31
28 54 59
163 251 31
31 31 31
125 127 75
31 31 31
31 31 31
125 127 75
38 168 188
90 119 67
193 155 75
163 251 31
230 147 67
163 251 31
230 147 67
31 31 31
164 177 62
31 31 31
154 76 188
163 251 31
230 147 67
193 155 75
163 251 31
38 168 188
31 31 31
31 31 31
160 210 59
155 129 152
31 31 31
38 168 188
163 251 31
230 147 67
163 251 31
79 169 77
163 251 31
31 31 31
243 77 77
38 168 188
31 31 31
163 251 31
154 76 188
163 251 31
230 147 67
31 31 31
31 31 31
132 158 135
132 158 135
188 228 0
243 77 77
31 31 31
163 251 31
163 251 31
28 54 59
154 76 188
163 251 31
38 168 188
125 127 75
31 31 31
31 31 31
31 31 31
163 251 31
193 155 75
