0
189 173 12
132 237 76
83 192 143
103 19 179
201 60 60
83 192 143
174 174 174
179 113 86
174 174 174
179 113 86
103 19 179
18 74 174
18 74 174
18 74 174
1 73 12
18 74 174
18 74 174
18 74 174
18 74 174
1 73 12
189 173 12
138 90 146
189 173 12
132 237 76
103 19 179
189 173 12
174 174 174
174 174 174
15 149 86
18 74 174
56 9 76
56 9 76
1 73 12
15 149 86
15 149 86
18 74 174
18 74 174
18 74 174
1 73 12
117 216 60
174 174 174
174 174 174
189 173 12
189 173 12
174 174 174
1 73 12
15 149 86
18 74 174
18 74 174
56 9 76
18 74 174
117 216 60
18 74 174
56 9 76
117 216 60
239 36 143
239 36 143
18 74 174
18 74 174
18 74 174
174 174 174
179 113 86
174 174 174
179 113 86
18 74 174
56 9 76
18 74 174
15 149 86
117 216 60
56 9 76
18 74 174
162 178 19
214 35 35
214 35 35
1 73 12
18 74 174
18 74 174
117 216 60
219 247 179
207 63 167
115 219 167
174 174 174
56 9 76
56 9 76
239 36 143
117 216 60
18 74 174
1 73 12
18 74 174
1 73 12
214 35 35
177 177 177
177 177 177
1 73 12
18 74 174
56 9 76
219 247 179
239 36 143
56 9 76
174 174 174
1 73 12
18 74 174
1 73 12
1 73 12
56 9 76
54 190 146
1 73 12
155 242 83
108 196 184
177 177 177
214 35 35
162 178 19
108 196 184
56 9 76
219 247 179
56 9 76
1 73 12
18 74 174
219 247 179
83 192 143
18 74 174
18 74 174
18 74 174
219 247 179
56 9 76
1 73 12
214 35 35
155 242 83
76 223 144
177 177 177
177 177 177
155 242 83
162 178 19
76 223 144
18 74 174
1 73 12
18 74 174
18 74 174
174 174 174
174 174 174
18 74 174
56 9 76
18 74 174
56 9 76
120 12 172
76 223 144
155 242 83
177 177 177
177 177 177
120 12 172
162 178 19
177 177 177
172 110 73
155 242 83
162 178 19
155 242 83
117 216 60
56 9 76
174 174 174
83 192 143
239 36 143
219 247 179
18 74 174
18 74 174
239 36 143
18 74 174
174 174 174
189 173 12
174 174 174
174 174 174
189 173 12
103 19 179
132 237 76
1 73 12
18 74 174
56 9 76
18 74 174
56 9 76
174 174 174
115 219 167
174 174 174
219 247 179
18 74 174
56 9 76
1 73 12
18 74 174
103 19 179
174 174 174
174 174 174
83 192 143
138 90 146
174 174 174
103 19 179
18 74 174
56 9 76
18 74 174
117 216 60
18 74 174
174 174 174
201 60 60
103 19 179
174 174 174
18 74 174
219 247 179
18 74 174
56 9 76
174 174 174
174 174 174
53 47 54
53 47 54
179 113 86
201 60 60
174 174 174
18 74 174
18 74 174
239 36 143
219 247 179
18 74 174
103 19 179
189 173 12
174 174 174
174 174 174
174 174 174
18 74 174
1 73 12
