0
175 239 105
75 238 104
20 90 103
196 21 151
126 169 169
20 90 103
227 227 227
151 156 0
227 227 227
151 156 0
196 21 151
116 127 227
116 127 227
116 127 227
56 115 105
116 127 227
116 127 227
116 127 227
116 127 227
56 115 105
175 239 105
115 48 19
175 239 105
75 238 104
196 21 151
175 239 105
227 227 227
227 227 227
0 0 0
116 127 227
220 114 104
220 114 104
56 115 105
0 0 0
0 0 0
116 127 227
116 127 227
116 127 227
56 115 105
233 53 169
227 227 227
227 227 227
175 239 105
175 239 105
227 227 227
56 115 105
0 0 0
116 127 227
116 127 227
220 114 104
116 127 227
233 53 169
116 127 227
220 114 104
233 53 169
131 198 103
131 198 103
116 127 227
116 127 227
116 127 227
227 227 227
151 156 0
227 227 227
151 156 0
116 127 227
220 114 104
116 127 227
0 0 0
233 53 169
220 114 104
116 127 227
76 12 138
157 74 74
157 74 74
56 115 105
116 127 227
116 127 227
233 53 169
83 137 151
3 170 199
148 54 199
227 227 227
220 114 104
220 114 104
131 198 103
233 53 169
116 127 227
56 115 105
116 127 227
56 115 105
157 74 74
0 0 0
0 0 0
56 115 105
116 127 227
220 114 104
83 137 151
131 198 103
220 114 104
227 227 227
56 115 105
116 127 227
56 115 105
56 115 105
220 114 104
228 172 19
56 115 105
168 13 139
119 213 36
0 0 0
157 74 74
76 12 138
119 213 36
220 114 104
83 137 151
220 114 104
56 115 105
116 127 227
83 137 151
20 90 103
116 127 227
116 127 227
116 127 227
83 137 151
220 114 104
56 115 105
157 74 74
168 13 139
247 185 132
0 0 0
0 0 0
168 13 139
76 12 138
247 185 132
116 127 227
56 115 105
116 127 227
116 127 227
227 227 227
227 227 227
116 127 227
220 114 104
116 127 227
220 114 104
39 246 116
247 185 132
168 13 139
0 0 0
0 0 0
39 246 116
76 12 138
0 0 0
116 127 227
168 13 139
76 12 138
168 13 139
233 53 169
220 114 104
227 227 227
20 90 103
131 198 103
83 137 151
116 127 227
116 127 227
131 198 103
116 127 227
227 227 227
175 239 105
227 227 227
227 227 227
175 239 105
196 21 151
75 238 104
56 115 105
116 127 227
220 114 104
116 127 227
220 114 104
227 227 227
148 54 199
227 227 227
83 137 151
116 127 227
220 114 104
56 115 105
116 127 227
196 21 151
227 227 227
227 227 227
20 90 103
115 48 19
227 227 227
196 21 151
116 127 227
220 114 104
116 127 227
233 53 169
116 127 227
227 227 227
126 169 169
196 21 151
227 227 227
116 127 227
83 137 151
116 127 227
220 114 104
227 227 227
227 227 227
144 211 240
144 211 240
151 156 0
126 169 169
227 227 227
116 127 227
116 127 227
131 198 103
83 137 151
116 127 227
196 21 151
175 239 105
227 227 227
227 227 227
227 227 227
116 127 227
56 115 105
