0
42 106 236
206 107 237
145 223 226
65 144 18
251 44 44
145 223 226
102 102 102
18 25 133
102 100 102
18 27 133
65 144 18
102 102 102
102 102 102
102 102 102
42 106 236
88 88 88
102 102 102
102 102 102
102 102 102
42 106 236
42 106 236
246 181 150
42 106 236
206 105 237
65 146 18
42 106 236
102 102 102
102 102 102
18 25 133
88 88 88
206 107 237
240 85 211
42 106 236
18 25 133
16 27 135
102 102 102
102 102 102
102 102 102
42 106 236
249 46 46
102 102 102
102 102 102
42 106 236
20 84 210
100 102 102
42 106 236
18 25 133
88 88 88
102 102 102
206 107 237
102 102 102
251 44 44
102 102 102
206 107 237
251 44 44
145 223 226
145 223 226
88 88 88
102 102 102
100 102 102
102 102 102
18 25 133
100 100 100
44 39 187
98 102 100
204 107 237
102 102 102
18 25 133
251 44 44
206 107 237
102 102 102
20 84 210
251 44 44
251 44 44
40 104 236
102 102 102
102 102 102
251 44 44
65 146 18
33 141 124
33 141 124
94 88 88
242 85 211
246 85 211
167 225 220
203 18 18
102 96 102
42 104 236
102 102 102
42 106 236
251 44 44
102 102 102
100 100 100
4 84 210
17 101 67
130 85 215
111 174 44
169 225 220
224 85 215
68 88 92
107 87 201
58 88 92
42 108 236
42 106 236
206 105 237
246 181 150
42 106 236
206 107 237
53 141 120
7 105 71
103 61 13
112 84 214
57 141 120
148 85 215
56 145 55
191 108 200
120 84 214
102 110 102
65 144 18
145 221 226
102 102 102
102 102 102
102 102 102
99 174 40
90 126 204
162 113 205
187 18 22
134 85 215
235 225 216
5 105 71
13 111 67
156 85 215
42 98 236
145 223 226
102 102 102
42 106 236
102 102 102
102 102 102
68 88 92
242 115 71
230 121 71
90 126 204
242 119 57
66 114 204
211 135 51
248 212 199
152 85 215
102 110 102
102 102 102
65 144 18
42 106 236
102 102 102
16 27 135
234 85 215
75 101 205
72 118 204
123 51 13
112 138 178
222 131 57
25 196 195
224 216 199
99 174 40
102 98 102
102 102 102
145 223 226
102 102 102
102 102 102
42 106 236
102 110 102
42 88 92
75 101 205
213 133 51
64 114 204
164 115 205
7 105 71
152 85 215
102 108 102
206 105 237
102 102 102
17 179 66
102 102 102
65 144 18
102 102 102
206 105 237
42 98 236
66 88 92
99 174 40
70 88 92
70 88 92
181 225 216
246 189 150
102 100 102
65 146 18
102 102 102
206 107 237
102 102 102
251 44 44
102 102 102
102 102 102
251 44 44
65 144 18
102 102 102
102 102 102
65 144 18
102 102 102
206 107 237
102 102 102
102 102 102
102 102 102
102 102 102
18 27 133
251 46 44
102 102 102
102 102 102
102 102 102
145 223 226
65 144 18
102 102 102
65 144 18
42 106 236
102 102 102
102 102 102
102 102 102
102 102 102
40 104 238
