0
120 58 136
187 51 129
30 34 246
72 23 129
39 78 78
30 34 246
86 86 86
129 210 170
86 84 86
129 208 170
72 23 129
86 86 86
86 86 86
86 86 86
120 58 136
104 104 104
86 86 86
86 86 86
86 86 86
120 58 136
120 58 136
66 27 33
120 58 136
187 49 129
72 21 129
120 58 136
86 86 86
86 86 86
129 210 170
104 104 104
187 51 129
133 13 191
120 58 136
129 210 170
131 208 168
86 86 86
86 86 86
86 86 86
120 58 136
37 76 76
86 86 86
86 86 86
120 58 136
70 4 182
84 86 86
120 58 136
129 210 170
104 104 104
86 86 86
187 51 129
86 86 86
39 78 78
86 86 86
187 51 129
39 78 78
30 34 246
30 34 246
104 104 104
86 86 86
84 86 86
86 86 86
129 210 170
84 84 84
191 236 148
82 86 84
185 51 129
86 86 86
129 210 170
39 78 78
187 51 129
86 86 86
70 4 182
39 78 78
39 78 78
122 56 136
86 86 86
86 86 86
39 78 78
72 21 129
170 19 109
170 19 109
110 104 104
135 13 191
131 13 191
40 28 200
23 112 112
86 80 86
120 56 136
86 86 86
120 58 136
39 78 78
86 86 86
84 84 84
86 4 182
33 85 115
247 13 187
102 41 191
38 28 200
149 13 187
116 104 108
57 7 173
10 104 108
120 60 136
120 58 136
187 49 129
66 27 33
120 58 136
187 51 129
190 19 105
55 89 119
187 95 111
34 4 178
178 19 105
225 13 187
49 22 164
202 52 164
42 4 178
86 94 86
72 23 129
30 32 246
86 86 86
86 86 86
86 86 86
106 41 187
47 38 160
240 33 169
103 112 116
243 13 187
100 28 204
53 89 119
61 95 115
233 13 187
120 50 136
30 34 246
86 86 86
120 58 136
86 86 86
86 86 86
116 104 108
194 67 119
214 73 119
47 38 160
194 71 9
55 42 160
218 0 160
119 41 211
237 13 187
86 94 86
86 86 86
72 23 129
120 58 136
86 86 86
131 208 168
159 13 187
25 53 169
61 46 160
167 81 111
5 210 222
238 179 9
150 57 215
111 37 211
106 41 187
86 82 86
86 86 86
30 34 246
86 86 86
86 86 86
120 58 136
86 94 86
26 104 108
25 53 169
220 2 160
53 42 160
246 35 169
55 89 119
237 13 187
86 92 86
187 49 129
86 86 86
154 45 83
86 86 86
72 23 129
86 86 86
187 49 129
120 50 136
114 104 108
106 41 187
118 104 108
118 104 108
58 28 204
66 19 33
86 84 86
72 21 129
86 86 86
187 51 129
86 86 86
39 78 78
86 86 86
86 86 86
39 78 78
72 23 129
86 86 86
86 86 86
72 23 129
86 86 86
187 51 129
86 86 86
86 86 86
86 86 86
86 86 86
129 208 170
39 76 78
86 86 86
86 86 86
86 86 86
30 34 246
72 23 129
86 86 86
72 23 129
120 58 136
86 86 86
86 86 86
86 86 86
86 86 86
122 56 138
