0
225 232 34
238 204 6
120 136 219
33 92 6
156 57 57
120 136 219
89 89 89
6 75 170
89 81 89
6 67 170
33 92 6
89 89 89
89 89 89
89 89 89
225 232 34
161 161 161
89 89 89
89 89 89
89 89 89
225 232 34
225 232 34
9 108 132
225 232 34
238 196 6
33 84 6
225 232 34
89 89 89
89 89 89
6 75 170
161 161 161
238 204 6
22 52 254
225 232 34
6 75 170
14 67 162
89 89 89
89 89 89
89 89 89
225 232 34
148 49 49
89 89 89
89 89 89
225 232 34
25 16 218
81 89 89
225 232 34
6 75 170
161 161 161
89 89 89
238 204 6
89 89 89
156 57 57
89 89 89
238 204 6
156 57 57
120 136 219
120 136 219
161 161 161
89 89 89
81 89 89
89 89 89
6 75 170
81 81 81
254 179 82
73 89 81
230 204 6
89 89 89
6 75 170
156 57 57
238 204 6
89 89 89
25 16 218
156 57 57
156 57 57
233 224 34
89 89 89
89 89 89
156 57 57
33 84 6
170 76 181
170 76 181
185 161 161
30 52 254
14 52 254
160 112 35
92 193 193
89 65 89
225 224 34
89 89 89
225 232 34
156 57 57
89 89 89
81 81 81
89 16 218
132 85 205
223 52 238
153 164 254
152 112 35
86 52 238
209 161 177
228 28 182
40 161 177
225 240 34
225 232 34
238 196 6
9 108 132
225 232 34
238 204 6
250 76 165
220 101 221
238 125 189
136 16 202
202 76 165
135 52 238
196 88 146
43 208 146
168 16 202
89 121 89
33 92 6
120 128 219
89 89 89
89 89 89
89 89 89
169 164 238
188 152 130
195 132 166
157 193 209
207 52 238
145 112 51
212 101 221
244 125 205
167 52 238
225 200 34
120 136 219
89 89 89
225 232 34
89 89 89
89 89 89
209 161 177
11 13 221
91 37 221
188 152 130
11 29 36
220 168 130
107 0 130
221 164 79
183 52 238
89 121 89
89 89 89
33 92 6
225 232 34
89 89 89
14 67 162
126 52 238
100 212 166
244 184 130
158 69 189
20 75 123
187 206 36
90 228 95
189 148 79
169 164 238
89 73 89
89 89 89
120 136 219
89 89 89
89 89 89
225 232 34
89 121 89
104 161 177
100 212 166
115 8 130
212 168 130
219 140 166
220 101 221
183 52 238
89 113 89
238 196 6
89 89 89
106 180 77
89 89 89
33 92 6
89 89 89
238 196 6
225 200 34
201 161 177
169 164 238
217 161 177
217 161 177
232 112 51
9 76 132
89 81 89
33 84 6
89 89 89
238 204 6
89 89 89
156 57 57
89 89 89
89 89 89
156 57 57
33 92 6
89 89 89
89 89 89
33 92 6
89 89 89
238 204 6
89 89 89
89 89 89
89 89 89
89 89 89
6 67 170
156 49 57
89 89 89
89 89 89
89 89 89
120 136 219
33 92 6
89 89 89
33 92 6
225 232 34
89 89 89
89 89 89
89 89 89
89 89 89
233 224 42
