0
183 181 129
144 189 137
106 24 241
236 98 118
57 135 135
106 24 241
213 213 213
118 46 202
213 213 213
118 46 202
236 98 118
66 73 213
66 73 213
66 73 213
32 41 129
66 73 213
66 73 213
66 73 213
66 73 213
32 41 129
183 181 129
81 75 82
183 181 129
144 189 137
236 98 118
183 181 129
213 213 213
213 213 213
225 178 202
66 73 213
7 33 137
7 33 137
32 41 129
225 178 202
225 178 202
66 73 213
66 73 213
66 73 213
32 41 129
174 27 135
213 213 213
213 213 213
183 181 129
183 181 129
213 213 213
32 41 129
225 178 202
66 73 213
66 73 213
7 33 137
66 73 213
174 27 135
66 73 213
7 33 137
174 27 135
253 132 241
253 132 241
66 73 213
66 73 213
66 73 213
213 213 213
118 46 202
213 213 213
118 46 202
66 73 213
7 33 137
66 73 213
225 178 202
174 27 135
7 33 137
66 73 213
84 86 98
218 100 100
218 100 100
32 41 129
66 73 213
66 73 213
174 27 135
123 254 118
249 231 244
110 123 244
213 213 213
7 33 137
7 33 137
253 132 241
174 27 135
66 73 213
32 41 129
66 73 213
32 41 129
218 100 100
54 54 54
54 54 54
32 41 129
66 73 213
7 33 137
123 254 118
253 132 241
7 33 137
213 213 213
32 41 129
66 73 213
32 41 129
32 41 129
7 33 137
198 215 82
32 41 129
115 94 106
141 152 23
54 54 54
218 100 100
84 86 98
141 152 23
7 33 137
123 254 118
7 33 137
32 41 129
66 73 213
123 254 118
106 24 241
66 73 213
66 73 213
66 73 213
123 254 118
7 33 137
32 41 129
218 100 100
115 94 106
137 251 18
54 54 54
54 54 54
115 94 106
84 86 98
137 251 18
66 73 213
32 41 129
66 73 213
66 73 213
213 213 213
213 213 213
66 73 213
7 33 137
66 73 213
7 33 137
15 129 149
137 251 18
115 94 106
54 54 54
54 54 54
15 129 149
84 86 98
54 54 54
149 205 41
115 94 106
84 86 98
115 94 106
174 27 135
7 33 137
213 213 213
106 24 241
253 132 241
123 254 118
66 73 213
66 73 213
253 132 241
66 73 213
213 213 213
183 181 129
213 213 213
213 213 213
183 181 129
236 98 118
144 189 137
32 41 129
66 73 213
7 33 137
66 73 213
7 33 137
213 213 213
110 123 244
213 213 213
123 254 118
66 73 213
7 33 137
32 41 129
66 73 213
236 98 118
213 213 213
213 213 213
106 24 241
81 75 82
213 213 213
236 98 118
66 73 213
7 33 137
66 73 213
174 27 135
66 73 213
213 213 213
57 135 135
236 98 118
213 213 213
66 73 213
123 254 118
66 73 213
7 33 137
213 213 213
213 213 213
166 229 198
166 229 198
118 46 202
57 135 135
213 213 213
66 73 213
66 73 213
253 132 241
123 254 118
66 73 213
236 98 118
183 181 129
213 213 213
213 213 213
213 213 213
66 73 213
32 41 129
