0
164 230 84
103 239 93
194 254 42
148 203 93
251 146 146
194 254 42
138 138 138
93 14 118
138 138 138
93 14 118
148 203 93
120 25 138
120 25 138
120 25 138
86 117 84
120 25 138
120 25 138
120 25 138
120 25 138
86 117 84
164 230 84
158 199 253
164 230 84
103 239 93
148 203 93
164 230 84
138 138 138
138 138 138
175 157 118
120 25 138
149 124 93
149 124 93
86 117 84
175 157 118
175 157 118
120 25 138
120 25 138
120 25 138
86 117 84
9 1 146
138 138 138
138 138 138
164 230 84
164 230 84
138 138 138
86 117 84
175 157 118
120 25 138
120 25 138
149 124 93
120 25 138
9 1 146
120 25 138
149 124 93
9 1 146
48 109 42
48 109 42
120 25 138
120 25 138
120 25 138
138 138 138
93 14 118
138 138 138
93 14 118
120 25 138
149 124 93
120 25 138
175 157 118
9 1 146
149 124 93
120 25 138
216 154 40
135 238 238
135 238 238
86 117 84
120 25 138
120 25 138
9 1 146
102 88 93
180 98 143
70 241 143
138 138 138
149 124 93
149 124 93
48 109 42
9 1 146
120 25 138
86 117 84
120 25 138
86 117 84
135 238 238
246 246 246
246 246 246
86 117 84
120 25 138
149 124 93
102 88 93
48 109 42
149 124 93
138 138 138
86 117 84
120 25 138
86 117 84
86 117 84
149 124 93
108 84 253
86 117 84
27 147 33
58 141 243
246 246 246
135 238 238
216 154 40
58 141 243
149 124 93
102 88 93
149 124 93
86 117 84
120 25 138
102 88 93
194 254 42
120 25 138
120 25 138
120 25 138
102 88 93
149 124 93
86 117 84
135 238 238
27 147 33
190 130 86
246 246 246
246 246 246
27 147 33
216 154 40
190 130 86
120 25 138
86 117 84
120 25 138
120 25 138
138 138 138
138 138 138
120 25 138
149 124 93
120 25 138
149 124 93
232 183 33
190 130 86
27 147 33
246 246 246
246 246 246
232 183 33
216 154 40
246 246 246
33 114 10
27 147 33
216 154 40
27 147 33
9 1 146
149 124 93
138 138 138
194 254 42
48 109 42
102 88 93
120 25 138
120 25 138
48 109 42
120 25 138
138 138 138
164 230 84
138 138 138
138 138 138
164 230 84
148 203 93
103 239 93
86 117 84
120 25 138
149 124 93
120 25 138
149 124 93
138 138 138
70 241 143
138 138 138
102 88 93
120 25 138
149 124 93
86 117 84
120 25 138
148 203 93
138 138 138
138 138 138
194 254 42
158 199 253
138 138 138
148 203 93
120 25 138
149 124 93
120 25 138
9 1 146
120 25 138
138 138 138
251 146 146
148 203 93
138 138 138
120 25 138
102 88 93
120 25 138
149 124 93
138 138 138
138 138 138
228 140 232
228 140 232
93 14 118
251 146 146
138 138 138
120 25 138
120 25 138
48 109 42
102 88 93
120 25 138
148 203 93
164 230 84
138 138 138
138 138 138
138 138 138
120 25 138
86 117 84
