0
246 182 48
18 183 49
77 3 62
157 76 206
39 240 240
77 3 62
186 186 186
206 197 89
186 186 186
206 197 89
157 76 206
72 41 186
72 41 186
72 41 186
4 37 48
72 41 186
72 41 186
72 41 186
72 41 186
4 37 48
246 182 48
42 105 74
246 182 48
18 183 49
157 76 206
246 182 48
186 186 186
186 186 186
60 86 89
72 41 186
224 36 49
224 36 49
4 37 48
60 86 89
60 86 89
72 41 186
72 41 186
72 41 186
4 37 48
213 99 240
186 186 186
186 186 186
246 182 48
246 182 48
186 186 186
4 37 48
60 86 89
72 41 186
72 41 186
224 36 49
72 41 186
213 99 240
72 41 186
224 36 49
213 99 240
191 144 62
191 144 62
72 41 186
72 41 186
72 41 186
186 186 186
206 197 89
186 186 186
206 197 89
72 41 186
224 36 49
72 41 186
60 86 89
213 99 240
224 36 49
72 41 186
138 202 76
91 140 140
91 140 140
4 37 48
72 41 186
72 41 186
213 99 240
111 223 206
63 252 158
205 111 158
186 186 186
224 36 49
224 36 49
191 144 62
213 99 240
72 41 186
4 37 48
72 41 186
4 37 48
91 140 140
198 198 198
198 198 198
4 37 48
72 41 186
224 36 49
111 223 206
191 144 62
224 36 49
186 186 186
4 37 48
72 41 186
4 37 48
4 37 48
224 36 49
216 250 74
4 37 48
110 203 77
177 19 226
198 198 198
91 140 140
138 202 76
177 19 226
224 36 49
111 223 206
224 36 49
4 37 48
72 41 186
111 223 206
77 3 62
72 41 186
72 41 186
72 41 186
111 223 206
224 36 49
4 37 48
91 140 140
110 203 77
49 127 66
198 198 198
198 198 198
110 203 77
138 202 76
49 127 66
72 41 186
4 37 48
72 41 186
72 41 186
186 186 186
186 186 186
72 41 186
224 36 49
72 41 186
224 36 49
225 48 178
49 127 66
110 203 77
198 198 198
198 198 198
225 48 178
138 202 76
198 198 198
178 185 37
110 203 77
138 202 76
110 203 77
213 99 240
224 36 49
186 186 186
77 3 62
191 144 62
111 223 206
72 41 186
72 41 186
191 144 62
72 41 186
186 186 186
246 182 48
186 186 186
186 186 186
246 182 48
157 76 206
18 183 49
4 37 48
72 41 186
224 36 49
72 41 186
224 36 49
186 186 186
205 111 158
186 186 186
111 223 206
72 41 186
224 36 49
4 37 48
72 41 186
157 76 206
186 186 186
186 186 186
77 3 62
42 105 74
186 186 186
157 76 206
72 41 186
224 36 49
72 41 186
213 99 240
72 41 186
186 186 186
39 240 240
157 76 206
186 186 186
72 41 186
111 223 206
72 41 186
224 36 49
186 186 186
186 186 186
212 188 216
212 188 216
206 197 89
39 240 240
186 186 186
72 41 186
72 41 186
191 144 62
111 223 206
72 41 186
157 76 206
246 182 48
186 186 186
186 186 186
186 186 186
72 41 186
4 37 48
