10
48 48 48
51 51 51
54 54 54
57 57 57
60 60 60
63 63 63
66 66 66
69 69 69
72 72 72
75 75 75
78 78 78
81 81 81
84 84 84
87 87 87
90 90 90
93 93 93
96 96 96
99 99 99
102 102 102
105 105 105
108 108 108
111 111 111
114 114 114
117 117 117
120 120 120
123 123 123
126 126 126
129 129 129
132 132 132
135 135 135
138 138 138
141 141 141
144 144 144
147 147 147
150 150 150
153 153 153
156 156 156
159 159 159
162 162 162
165 165 165
168 168 168
171 171 171
174 174 174
177 177 177
180 180 180
183 183 183
186 186 186
189 189 189
192 192 192
195 195 195
198 198 198
201 201 201
204 204 204
207 207 207
210 210 210
213 213 213
216 216 216
219 219 219
222 222 222
225 225 225
228 228 228
231 231 231
234 234 234
237 237 237
240 240 240
243 243 243
246 246 246
249 249 249
252 252 252
255 255 255
258 258 258
261 261 261
264 264 264
267 267 267
270 270 270
273 273 273
276 276 276
279 279 279
282 282 282
285 285 285
288 288 288
291 291 291
294 294 294
297 297 297
300 300 300
303 303 303
50 50 50
53 53 53
56 56 56
59 59 59
62 62 62
65 65 65
68 68 68
71 71 71
74 74 74
77 77 77
80 80 80
83 83 83
86 86 86
89 89 89
92 92 92
95 95 95
98 98 98
101 101 101
104 104 104
107 107 107
110 110 110
113 113 113
116 116 116
119 119 119
122 122 122
125 125 125
128 128 128
131 131 131
134 134 134
137 137 137
140 140 140
143 143 143
146 146 146
149 149 149
152 152 152
155 155 155
158 158 158
161 161 161
164 164 164
167 167 167
170 170 170
173 173 173
176 176 176
179 179 179
182 182 182
185 185 185
188 188 188
191 191 191
194 194 194
197 197 197
200 200 200
203 203 203
206 206 206
209 209 209
212 212 212
215 215 215
218 218 218
221 221 221
224 224 224
227 227 227
230 230 230
233 233 233
236 236 236
239 239 239
242 242 242
245 245 245
248 248 248
251 251 251
254 254 254
257 257 257
260 260 260
263 263 263
266 266 266
269 269 269
272 272 272
275 275 275
278 278 278
281 281 281
284 284 284
287 287 287
290 290 290
293 293 293
296 296 296
299 299 299
302 302 302
49 49 49
52 52 52
55 55 55
58 58 58
61 61 61
64 64 64
67 67 67
70 70 70
73 73 73
76 76 76
79 79 79
82 82 82
85 85 85
88 88 88
91 91 91
94 94 94
97 97 97
100 100 100
103 103 103
106 106 106
109 109 109
112 112 112
115 115 115
118 118 118
121 121 121
124 124 124
127 127 127
130 130 130
133 133 133
136 136 136
139 139 139
142 142 142
145 145 145
148 148 148
151 151 151
154 154 154
157 157 157
160 160 160
163 163 163
166 166 166
169 169 169
172 172 172
175 175 175
178 178 178
181 181 181
184 184 184
187 187 187
190 190 190
193 193 193
196 196 196
199 199 199
202 202 202
205 205 205
208 208 208
