15
47 47 47
47 47 47
47 47 47
47 47 47
47 47 47
47 47 47
47 47 47
47 47 47
47 47 47
47 47 47
47 47 47
147 203 47
147 203 47
147 203 47
147 203 47
64 148 40
195 253 141
195 252 129
195 252 129
67 147 35
95 97 141
224 247 32
95 96 132
228 47 47
47 47 47
47 47 47
47 47 47
47 47 47
147 203 47
147 203 47
147 203 47
147 203 47
147 203 47
147 203 47
147 203 47
147 203 47
147 203 47
147 203 47
147 203 47
147 203 47
47 47 47
47 47 47
47 47 47
47 47 47
47 47 47
147 203 47
147 203 47
147 203 47
147 203 47
147 203 47
147 203 47
147 203 47
147 203 47
147 203 47
147 203 47
147 203 47
147 203 47
147 203 47
147 203 47
147 203 47
47 47 47
47 47 47
47 47 47
47 47 47
147 203 47
147 203 47
147 203 47
147 203 47
147 203 47
147 203 47
147 203 47
48 48 48
48 48 48
48 48 48
147 203 47
147 203 47
147 203 47
147 203 47
147 203 47
147 203 47
47 47 47
47 47 47
147 203 47
147 203 47
147 203 47
147 203 47
147 203 47
147 203 47
147 203 47
147 203 47
48 48 48
48 48 48
48 48 48
147 203 47
147 203 47
147 203 47
147 203 47
147 203 47
147 203 47
47 47 47
147 203 47
147 203 47
147 203 47
147 203 47
147 203 47
147 203 47
147 203 47
48 48 48
48 48 48
48 48 48
48 48 48
48 48 48
48 48 48
147 203 47
147 203 47
147 203 47
147 203 47
147 203 47
147 203 47
47 47 47
147 203 47
147 203 47
147 203 47
147 203 47
147 203 47
147 203 47
48 48 48
48 48 48
48 48 48
48 48 48
48 48 48
48 48 48
48 48 48
48 48 48
147 203 47
147 203 47
147 203 47
147 203 47
47 47 47
47 47 47
147 203 47
147 203 47
147 203 47
147 203 47
48 48 48
48 48 48
48 48 48
48 48 48
48 48 48
48 48 48
48 48 48
48 48 48
48 48 48
48 48 48
48 48 48
48 48 48
147 203 47
147 203 47
47 47 47
47 47 47
147 203 47
147 203 47
147 203 47
147 203 47
147 203 47
147 203 47
47 47 47
47 47 47
47 47 47
47 47 47
47 47 47
47 47 47
47 47 47
147 203 47
147 203 47
147 203 47
147 203 47
147 203 47
47 47 47
47 47 47
47 47 47
147 203 47
147 203 47
147 203 47
147 203 47
147 203 47
47 47 47
47 47 47
47 47 47
47 47 47
47 47 47
47 47 47
47 47 47
147 203 47
147 203 47
147 203 47
147 203 47
147 203 47
47 47 47
47 47 47
47 47 47
47 47 47
147 203 47
147 203 47
147 203 47
147 203 47
47 47 47
47 47 47
180 174 183
180 174 183
47 47 47
47 47 47
47 47 47
147 203 47
147 203 47
147 203 47
147 203 47
147 203 47
47 47 47
47 47 47
47 47 47
47 47 47
47 47 47
147 203 47
147 203 47
147 203 47
47 47 47
47 47 47
180 174 183
180 174 183
47 47 47
47 47 47
47 47 47
147 203 47
147 203 47
147 203 47
47 47 47
47 47 47
47 47 47
47 47 47
191 199 122
191 199 122
191 199 122
191 199 122
191 199 122
191 199 122
191 199 122
191 199 122
191 199 122
191 199 122
191 199 122
191 199 122
191 199 122
191 199 122
191 199 122
191 199 122
191 199 122
191 199 122
191 199 122
191 199 122
191 199 122
191 199 122
191 199 122
191 199 122
191 199 122
191 199 122
191 199 122
191 199 122
191 199 122
191 199 122
191 199 122
191 199 122
191 199 122
191 199 122
191 199 122
191 199 122
191 199 122
191 199 122
191 199 122
191 199 122
191 199 122
191 199 122
191 199 122
191 199 122
191 199 122
191 199 122
191 199 122
191 199 122
191 199 122
191 199 122
191 199 122
191 199 122
191 199 122
191 199 122
191 199 122
191 199 122
191 199 122
191 199 122
191 199 122
191 199 122
191 199 122
191 199 122
191 199 122
191 199 122
191 199 122
191 199 122
191 199 122
191 199 122
191 199 122
191 199 122
191 199 122
191 199 122
191 199 122
191 199 122
191 199 122
191 199 122
191 199 122
191 199 122
191 199 122
191 199 122
191 199 122
191 199 122
191 199 122
191 199 122
191 199 122
191 199 122
191 199 122
191 199 122
191 199 122
191 199 122
191 199 122
191 199 122
191 199 122
191 199 122
191 199 122
191 199 122
191 199 122
191 199 122
191 199 122
191 199 122
191 199 122
191 199 122
191 199 122
191 199 122
191 199 122
191 199 122
191 199 122
191 199 122
191 199 122
191 199 122
191 199 122
191 199 122
191 199 122
191 199 122
191 199 122
191 199 122
191 199 122
191 199 122
191 199 122
191 199 122
191 199 122
191 199 122
191 199 122
191 199 122
191 199 122
191 199 122
191 199 122
191 199 122
191 199 122
191 199 122
191 199 122
191 199 122
191 199 122
191 199 122
191 199 122
191 199 122
191 199 122
191 199 122
191 199 122
191 199 122
191 199 122
191 199 122
191 199 122
191 199 122
191 199 122
191 199 122
191 199 122
191 199 122
191 199 122
191 199 122
191 199 122
191 199 122
191 199 122
191 199 122
191 199 122
191 199 122
191 199 122
191 199 122
191 199 122
191 199 122
